25
56
2
56
96
49
8
10
48
36
78
20
67
29
92
9
16
78
48
3
28
99
86
88
40
75
18
65
66
79
11
2
55
85
41
87
50
16
87
85
51
16
76
20
27
86
84
87
12
26
10
57
9
63
16
53
41
61
94
21
57
6
96
10
20
30
98
28
16
3
81
41
55
61
67
68
20
89
94
52
77
55
63
14
32
74
77
23
9
6
45
93
20
10
95
75
89
61
34
15
22
14
69
93
43
63
27
74
3
10
93
38
7
65
25
43
12
30
59
63
34
79
75
7
35
27
55
18
31
7
90
33
19
5
31
18
21
73
54
21
44
79
44
11
46
13
25
16
43
13
54
81
58
33
1
49
33
63
15
73
92
45
86
58
87
41
41
26
63
54
78
98
1
5
67
14
39
46
27
2
36
84
83
97
50
87
74
72
48
21
62
21
46
21
32
27
12
89
82
90
89
7
68
20
42
31
55
96
67
48
46
14
73
1
37
65
68
82
4
88
92
11
97
85
98
56
28
41
80
84
11
7
76
46
83
4
60
1
62
40
28
4
15
61
100
28
59
2
3
97
86
19
69
9
39
4
47
42
53
85
68
93
85
93
16
96
72
23
80
92
80
56
98
70
26
10
45
37
41
89
18
25
70
71
27
8
84
45
38
60
15
5
84
7
71
23
46
15
90
8
73
80
70
61
23
39
91
31
71
17
30
31
10
24
86
39
2
47
29
7
68
20
40
7
9
80
19
27
85
100
25
91
27
62
54
2
76
59
53
72
14
51
46
30
36
83
62
45
63
50
17
10
60
10
37
73
12
79
80
7
85
47
56
73
89
37
95
49
10
6
69
51
51
73
14
46
95
24
50
90
23
76
45
24
12
51
67
78
60
73
7
35
5
53
67
75
10
33
32
2
14
50
60
45
32
82
74
78
31
92
19
37
94
68
18
5
30
83
24
22
9
3
74
9
27
74
43
15
14
32
14
68
13
25
90
18
38
45
99
71
29
86
67
21
39
2
65
37
47
40
20
33
18
3
14
40
42
67
50
86
44
61
5
57
43
59
94
67
88
40
65
91
20
82
9
16
54
97
22
58
66
72
87
27
13
92
29
65
30
73
46
63
69
10
59
44
33
15
96
23
93
66
81
50
16
25
55
39
24
14
51
64
9
38
51
41
12
43
50
70
46
74
91
98
86
18
68
48
92
88
24
54
86
82
46
95
38
76
82
13
63
24
1
70
23
62
45
76
3
74
66
43
88
73
13
52
74
28
30
16
62
63
83
73
65
18
65
69
92
42
87
20
14
14
28
40
4
36
11
82
47
36
67
37
72
19
49
10
75
45
39
39
54
88
22
22
64
46
67
5
53
80
64
24
1
39
90
100
15
32
28
76
46
87
23
57
16
77
39
2
20
28
54
37
42
83
61
69
90
89
40
11
78
24
40
74
52
29
97
64
34
94
87
72
71
53
61
91
24
21
21
75
35
92
44
56
15
65
80
53
34
54
26
34
35
87
64
73
35
57
40
95
75
30
44
79
46
65
11
71
3
76
46
18
45
97
10
29
81
29
10
24
89
60
19
31
69
59
41
20
32
39
30
48
60
100
60
96
85
44
68
82
87
61
49
80
4
73
45
63
66
84
91
2
38
15
27
87
85
15
42
29
54
10
92
34
25
60
74
86
69
63
80
79
2
21
55
32
55
56
30
27
10
84
19
82
80
57
58
71
16
68
8
64
62
85
98
36
77
28
61
49
10
18
82
35
51
72
6
74
81
60
24
40
96
78
27
23
82
58
14
3
74
3
72
9
49
31
89
98
29
66
3
27
70
12
50
85
21
97
72
99
49
82
80
95
58
30
99
90
83
66
57
23
5
21
2
29
8
11
30
63
64
57
30
24
53
56
53
85
35
48
96
49
73
15
96
31
21
47
18
59
64
54
39
24
68
9
94
34
60
62
23
29
28
37
76
12
49
26
64
3
79
12
99
87
69
43
68
93
28
60
9
54
19
18
79
51
57
41
44
77
100
13
50
99
51
81
78
90
11
25
55
89
98
87
84
99
73
23
26
28
86
69
87
70
27
66
84
41
49
46
54
2
60
29
84
89
98
40
69
63
96
74
16
19
63
98
55
66
98
5
100
51
17
9
16
10
33
31
2
44
25
3
73
51
16
70
5
44
15
84
32
52
100
69
54
90
24
10
35
87
62
82
28
22
62
79
95
31
35
37
25
46
40
32
59
51
80
40
29
99
44
51
9
47
36
43
85
76
44
96
44
87
90
96
38
43
40
56
92
75
17
15
68
2
55
67
54
86
11
3
23
48
61
98
48
82
94
16
40
56
98
93
26
80
46
3
30
94
79
71
63
12
91
83
50
28
19
28
14
40
46
21
17
33
36
63
42
19
97
84
77
61
13
44
53
41
26
48
22
59
73
9
26
33
45
86
10
1
98
49
33
62
45
51
91
68
28
65
15
15
11
93
63
89
79
32
76
37
26
39
79
37
55
53
14
42
99
38
92
56
49
3
7
93
40
82
62
86
79
85
88
68
59
53
80
95
22
84
59
87
11
21
29
89
33
10
26
5
25
31
60
10
18
36
64
47
45
41
9
35
36
15
86
59
27
51
55
17
36
72
66
48
40
29
11
67
19
10
25
41
80
45
66
74
56
11
97
27
44
32
5
67
8
50
89
61
58
21
68
86
25
9
66
11
64
75
39
66
90
23
38
36
23
40
18
52
88
100
17
65
62
42
39
25
24
64
27
26
4
82
92
69
73
49
94
94
43
46
43
91
40
47
58
99
53
99
71
46
65
90
54
59
67
42
15
46
57
34
31
62
72
91
7
98
25
29
48
82
3
17
18
53
99
89
22
17
56
77
96
41
9
83
81
85
63
92
20
96
3
84
78
47
66
88
66
75
88
63
75
22
65
38
13
89
58
10
15
97
82
55
54
11
47
79
74
42
29
3
15
22
25
97
44
72
8
70
28
31
77
88
69
60
56
4
12
98
94
20
7
47
63
27
2
43
73
54
48
15
98
23
93
14
72
56
29
70
40
90
55
38
75
12
73
100
7
91
59
29
37
93
61
2
54
60
57
38
27
99
61
19
81
80
4
12
1
31
94
65
93
16
30
20
16
48
60
77
56
41
8
74
84
51
53
32
64
12
9
75
30
44
93
34
35
88
81
38
3
1
100
43
26
81
51
60
8
79
96
58
31
56
84
84
7
15
21
34
28
4
23
26
19
89
94
32
77
81
68
87
80
86
66
21
38
58
1
50
11
88
78
54
21
12
16
72
35
71
49
82
43
14
61
11
31
85
52
18
72
81
95
59
15
19
21
22
73
7
13
92
38
84
93
6
78
8
49
80
1
87
48
7
9
32
57
74
35
46
59
20
59
94
15
54
13
85
51
11
28
52
68
56
10
60
1
12
73
58
63
80
11
93
79
64
6
10
17
88
54
81
72
76
39
68
14
47
11
40
26
68
46
92
77
80
36
79
3
6
67
41
41
75
48
21
25
18
12
25
38
71
41
100
32
98
54
33
84
48
7
80
11
33
45
13
54
42
78
58
22
37
93
86
73
84
35
10
76
25
77
99
45
82
83
28
57
7
15
17
73
17
84
77
11
8
59
4
43
4
66
72
3
61
5
25
17
8
92
68
43
19
41
50
15
9
68
53
23
4
2
32
42
32
20
71
41
47
36
51
78
34
65
86
15
26
79
93
80
64
78
91
50
25
73
63
23
100
9
100
53
17
76
25
24
70
94
95
87
34
57
19
44
42
18
67
49
79
76
15
40
65
13
75
14
2
64
85
49
32
84
65
30
91
9
23
25
31
1
60
20
63
89
72
41
8
60
55
33
15
79
52
17
61
66
47
62
67
45
78
67
35
58
36
94
81
97
53
44
28
69
25
85
59
37
38
69
3
90
26
76
19
84
36
47
82
11
26
23
26
34
61
62
30
46
55
35
90
95
72
97
90
89
58
62
60
37
59
84
60
25
45
77
47
81
89
61
65
20
81
97
51
97
13
71
24
29
67
24
35
26
92
50
35
27
11
55
82
12
55
100
30
73
29
13
60
39
33
35
90
13
7
77
27
72
61
90
85
71
65
9
16
22
55
88
8
72
96
61
62
4
88
36
9
11
12
94
86
52
60
75
84
18
75
91
72
87
78
52
63
69
77
54
10
89
2
62
56
92
11
56
46
69
67
97
69
89
91
77
72
86
84
53
96
89
8
89
33
28
94
21
74
13
84
7
42
67
28
73
68
84
20
73
88
80
31
90
31
27
86
55
44
17
39
49
63
88
66
88
76
59
40
68
43
44
96
93
32
90
58
49
78
82
13
25
17
85
82
11
60
80
73
35
69
65
33
77
65
78
93
13
65
1
100
90
6
5
93
39
14
44
70
76
33
30
75
52
92
43
17
13
9
42
42
69
47
3
41
51
79
77
45
90
78
16
13
6
37
4
1
39
79
66
73
91
80
79
68
35
79
97
14
28
49
88
85
31
25
56
78
41
95
17
46
62
28
13
7
73
43
30
96
74
51
36
14
24
55
82
8
90
93
62
82
24
42
87
31
95
47
64
51
56
68
13
21
17
33
50
84
54
70
33
13
29
19
19
24
18
33
98
93
33
15
18
46
9
6
86
62
78
36
3
75
45
12
99
94
89
92
46
3
72
59
42
86
58
49
73
6
100
50
73
13
21
2
60
26
80
48
79
66
69
76
58
82
83
75
68
33
88
57
85
31
61
71
41
88
98
76
30
99
92
46
67
17
12
17
40
37
11
73
30
86
29
98
50
52
84
59
1
97
13
42
27
71
50
82
3
90
90
70
38
69
92
15
57
79
50
79
58
16
73
46
70
78
98
93
82
85
30
90
25
84
36
72
72
100
31
70
98
7
99
74
21
88
4
75
67
39
6
18
58
68
64
48
87
33
19
71
16
83
94
61
62
50
9
78
79
34
19
45
6
43
88
27
65
8
85
11
63
77
90
29
81
41
20
63
83
97
83
56
59
88
34
25
99
25
18
71
23
18
71
83
76
13
61
2
25
22
93
41
75
76
31
87
51
7
79
95
10
18
54
85
47
93
52
48
47
81
46
60
81
41
85
14
51
99
82
63
68
80
59
90
56
55
93
29
44
29
23
50
56
95
21
71
14
80
94
12
35
58
13
11
61
89
83
57
42
25
75
25
23
91
47
47
23
29
77
93
58
37
4
51
94
34
24
97
12
93
8
7
40
7
24
36
8
63
1
79
8
32
23
93
70
98
12
87
46
93
63
51
41
38
40
39
90
78
41
71
89
78
19
97
26
99
38
77
12
9
77
92
70
66
47
22
81
3
69
47
18
17
80
76
33
93
88
3
15
27
97
44
27
100
38
27
33
56
39
93
24
13
18
65
50
51
95
24
46
98
22
22
9
99
98
24
29
86
82
53
83
32
91
75
84
96
66
95
10
8
42
10
4
65
80
84
3
83
15
91
15
28
4
84
73
32
92
48
87
46
82
7
11
43
90
80
51
17
42
67
59
10
17
90
62
92
49
99
34
47
43
27
94
16
29
67
73
22
2
9
6
82
43
17
3
30
31
75
29
23
39
39
93
43
99
24
1
6
84
82
64
69
89
63
93
63
76
49
88
36
45
5
27
4
87
35
31
2
30
5
94
33
72
88
80
30
48
79
39
49
52
6
43
69
24
73
64
95
10
50
34
65
40
24
52
12
90
30
35
97
25
29
86
87
77
5
97
10
68
38
4
84
38
13
99
59
77
14
92
58
74
56
39
5
40
56
54
100
26
1
28
7
14
71
56
64
19
80
35
25
44
3
43
11
34
80
74
2
86
48
49
23
16
34
65
31
62
27
41
15
34
38
68
49
51
57
75
94
93
20
84
90
95
32
34
8
55
62
72
46
98
96
56
45
23
21
83
65
53
57
31
10
44
93
54
40
40
14
62
26
71
45
25
36
90
39
99
6
97
13
11
72
13
83
40
98
21
48
75
28
67
81
22
31
41
54
31
92
40
29
39
83
5
28
5
86
68
85
22
77
22
66
72
53
57
7
61
25
41
17
93
49
67
4
66
69
63
11
97
93
61
48
86
81
41
13
96
17
94
78
97
84
36
73
28
87
80
59
22
69
94
46
9
44
61
65
20
40
27
62
84
47
92
25
20
51
8
70
40
81
59
85
92
37
20
74
77
80
28
83
94
26
1
72
56
51
85
56
71
14
67
81
30
40
35
81
78
7
100
88
44
50
64
3
10
7
28
9
23
64
24
65
86
28
99
18
34
45
75
39
92
99
16
26
93
49
98
57
33
8
80
25
31
71
79
47
17
52
95
65
81
41
32
99
81
16
17
49
67
36
96
75
69
46
27
49
36
46
2
81
30
8
11
23
27
79
79
66
50
54
99
83
56
45
71
73
44
72
44
61
12
22
58
29
51
10
31
76
12
47
94
39
22
58
22
33
14
41
71
10
10
11
25
28
68
88
12
73
10
22
5
50
85
2
82
57
47
79
4
78
87
84
10
67
46
32
67
14
3
36
72
69
26
2
40
27
73
65
48
32
52
65
41
66
99
79
20
6
45
42
45
11
98
36
58
25
52
82
27
30
12
70
5
39
62
81
63
84
26
17
45
11
64
55
55
9
92
96
41
98
74
55
25
51
25
4
68
32
51
58
94
23
43
4
36
58
73
17
48
59
7
19
76
89
38
38
90
48
94
86
94
79
22
28
28
95
96
78
77
88
39
4
39
90
92
31
57
50
35
99
94
61
54
15
30
48
7
92
42
72
86
91
7
3
15
97
44
69
78
31
77
62
12
25
20
97
25
72
28
50
65
1
71
55
79
5
95
84
70
29
20
81
13
90
63
32
4
1
44
26
68
99
96
14
50
85
86
42
94
31
48
9
38
78
23
21
39
36
83
77
45
36
50
91
68
85
44
41
69
34
87
63
27
65
69
25
11
73
12
81
74
84
68
35
3
20
86
45
67
30
96
32
68
75
74
77
6
92
37
39
8
78
96
68
95
94
98
84
85
37
47
81
47
19
31
25
88
6
79
44
34
97
79
42
76
37
91
78
55
89
69
43
50
12
83
99
38
100
74
52
44
13
89
80
27
73
51
69
29
86
19
58
49
4
36
96
81
4
8
53
1
28
13
31
83
13
61
63
56
70
89
63
13
20
10
75
46
6
26
46
36
5
12
9
51
6
52
62
48
66
95
76
96
34
20
100
51
27
84
94
21
18
88
52
18
3
46
53
59
83
8
79
100
62
69
56
12
21
23
49
88
60
21
37
12
55
77
15
56
23
19
65
21
19
75
51
69
63
97
32
34
85
75
82
12
28
3
75
15
4
5
11
49
57
20
58
37
76
24
3
23
75
20
8
71
99
43
32
87
88
65
5
18
61
90
7
29
39
11
63
83
45
20
49
51
50
24
1
12
99
47
1
33
89
59
9
9
77
83
38
24
30
25
28
2
74
92
6
67
95
48
65
15
2
12
43
68
86
5
33
44
26
86
15
26
27
60
36
77
84
16
50
71
90
39
55
48
87
33
78
22
46
98
59
43
69
72
44
6
6
65
40
34
65
48
32
94
41
76
87
75
86
41
34
14
22
79
70
49
93
6
1
56
75
76
37
39
97
98
2
77
97
89
86
35
25
39
24
77
59
54
34
5
82
85
4
44
52
99
19
71
11
25
39
18
20
97
15
21
75
67
15
97
73
5
89
24
44
88
28
81
61
43
36
10
42
90
63
74
61
99
95
17
39
59
20
53
15
100
21
86
35
87
59
57
54
2
23
41
92
57
54
100
45
70
45
5
61
54
92
33
69
11
22
49
15
81
62
84
42
73
7
53
56
91
54
75
48
26
10
76
49
89
57
45
74
93
83
55
37
54
80
92
38
26
87
26
45
40
39
52
29
100
26
50
64
31
4
45
16
13
43
63
20
47
87
86
88
10
91
91
96
64
38
2
45
97
26
88
31
37
12
10
77
1
49
39
50
64
21
14
35
71
32
78
49
14
28
79
27
87
70
88
30
33
36
45
56
29
89
18
64
11
33
74
98
29
61
26
17
100
66
62
78
55
64
35
92
45
52
90
9
66
67
81
46
59
51
73
49
10
19