10
4
82
96
18
6
87
3
100
38
51
6
7
85
46
88
100
82
38
20
85
37
70
4
56
6
11
37
48
6
14
97
8
71
4
97
94
49
96
83
44
85
99
96
6
2
60
2
27
78
9
73
93
8
3
17
46
15
13
4
86
53
18
81
31
32
23
24
84
4
83
20
24
95
6
15
16
87
60
59
14
56
85
15
87
20
81
70
98
35
90
47
9
81
43
3
38
93
15
29
52
100
10
96
34
5
97
88
67
38
7
89
41
3
76
55
28
25
63
41
31
22
39
77
25
36
20
58
78
87
4
55
22
30
64
36
81
8
98
81
20
53
69
40
87
65
91
99
3
8
4
31
10
74
89
58
58
68
81
46
85
24
69
7
23
1
83
97
92
38
82
59
42
30
43
31
32
37
79
31
54
49
99
80
43
84
84
22
3
24
68
58
25
56
21
85
41
5
12
90
14
77
28
30
21
32
13
9
36
52
89
60
86
35
4
39
5
69
37
15
5
96
96
31
99
31
68
46
73
22
10
16
26
40
94
14
94
57
79
4
7
34
78
8
1
54
21
59
45
44
41
53
75
20
8
21
38
48
27
46
55
57
66
45
23
13
20
80
94
51
61
35
77
80
5
90
4
55
38
99
9
56
13
84
27
98
57
96
59
20
78
41
22
64
3
76
65
13
22
13
47
41
55
58
28
23
7
72
4
41
90
59
9
28
88
49
5
97
20
58
43
61
36
1
65
79
91
64
42
16
75
31
21
21
45
63
94
95
91
11
22
17
64
75
96
39
37
78
56
50
55
22
79
14
43
61
42
80
92
15
60
9
20
64
5
32
72
36
44
42
85
91
60
63
37
98
5
54
11
29
66
5
68
58
87
80
23
29
1
42
32
26
68
46
15
73
100
64
49
54
82
63
13
3
32
100
56
15
29
50
71
99
51
3
64
85
50
61
98
64
55
81
11
76
30
29
7
97
24
25
82
53
89
85
100
14
18
59
12
49
67
87
43
100
75
54
80
43
31
43
70
2
37
20
26
38
24
29
16
65
86
31
17
30
18
99
87
99
50
75
56
85
86
32
69
25
73
29
100
52
83
44
29
8
20
50
14
79
31
31
90
54
31
17
10
16
97
96
47
92
44
64
8
28
82
8
7
95
36
72
40
72
10
18
63
41
7
81
27
42
90
30
72
41
78
44
96
84
42
78
35
89
35
8
97
76
74
77
100
89
40
14
45
46
32
14
52
40
93
96
97
12
92
58
95
20
99
51
75
25
35
1
31
26
35
46
68
4
56
52
51
54
97
3
96
10
71
89
78
48
78
91
45
4
14
96
34
12
87
93
73
61
14
52
87
20
20
32
66
83
28
19
2
83
53
95
1
38
90
37
73
58
38
31
44
20
88
96
83
50
65
25
37
73
29
21
6
3
34
99
35
8
57
64
14
56
79
11
69
2
25
7
50
51
10
90
94
85
21
25
62
26
44
28
59
70
86
77
70
36
23
65
35
74
11
5
85
3
77
43
56
52
60
65
54
1
39
46
31
49
36
66
7
50
55
72
69
15
2
21
71
23
18
17
41
61
70
48
16
27
9
48
9
48
73
29
13
24
85
28
56
7
2
61
43
61
14
13
7
67
10
4
38
80
36
11
18
53
98
10
59
84
88
57
61
43
100
50
21
74
56
44
33
66
84
13
21
44
97
16
1
21
60
64
3
55
9
96
51
62
18
32
30
47
73
55
1
72
82
83
20
33
31
33
32
81
6
81
96
38
52
55
84
82
35
74
82
48
5
50
74
3
86
97
69
26
40
14
5
57
100
36
4
61
10
41
34
51
65
72
59
22
14
87
4
54
82
72
91
43
49
92
38
24
61
65
53
46
10
87
89
99
96
45
37
37
6
49
84
66
44
94
21
89
11
100
14
75
10
58
75
32
57
32
47
31
93
99
80
69
57
92
91
20
66
24
82
82
50
58
68
46
77
49
90
37
25
20
54
86
86
53
38
54
92
66
93
44
71
65
89
2
45
67
57
40
23
67
31
5
94
42
16
82
65
54
89
38
26
45
78
45
35
23
57
26
82
4
67
57
90
25
49
24
9
14
7
72
74
25
17
30
26
97
59
29
68
33
46
58
13
33
81
4
99
84
26
34
4
87
17
86
67
40
100
23
91
32
51
29
6
91
25
83
28
90
93
78
73
52
4
12
40
96
18
72
17
25
2
71
94
58
51
62
97
80
18
92
97
89
66
71
36
10
3
76
14
19
55
27
44
21
76
70
71
47
46
12
97
85
92
59
83
98
32
54
15
23
91
56
16
45
48
38
39
74
40
72
74
23
21
52
24
6
23
72
50
24
11
76
47
11
77
45
71
11
83
80
97
37
73
5
13
60
68
74
65
40
82
19
17
14
67
30
32
100
32
30
7
16
60
9
75
40
17
67
52
99
27
42
87
92
61
15
28
16
33
39
10
22
8
23
3
87
3
38
61
27
32
85
56
89
84
17
35
89
100
39
14
54
77
79
85
32
90
94
25
34
96
14
48
61
61
46
56
95
50
59
3
64
8
58
43
37
73
46
75
45
94
15
23
9
24
79
57
13
9
23
46
22
18
94
11
76
31
97
4
38
100
19
74
96
52
79
72
25
47
44
99
79
22
53
97
90
21
47
22
23
98
18
19
5
86
9
89
76
97
67
30
15
93
96
58
20
82
82
11
34
61
73
77
4
91
74
10
41
78
86
72
61
35
67
24
16
54
95
32
98
61
94
77
73
50
87
12
64
72
56
34
50
20
49
56
23
41
12
2
45
2
38
89
33
14
24
37
90
39
100
51
54
64
62
71
73
46
7
42
97
78
95
22
78
50
30
64
30
74
5
17
36
98
21
38
52
10
47
64
5
23
68
29
36
41
5
36
54
100
1
90
62
52
95
85
89
78
98
31
66
21
46
41
9
47
92
80
14
24
16
47
29
1
78
100
39
42
38
77
100
30
64
23
35
19
56
51
12
47
7
10
22
96
5
83
57
39
10
13
3
100
40
88
50
47
55
30
5
38
57
36
24
23
52
95
81
23
66
41
80
34
24
2
87
59
54
78
21
85
54
11
52
86
52
75
22
13
24
55
79
60
40
61
90
6
37
73
65
31
61
10
53
98
57
77
57
45
4
52
27
30
100
76
77
52
45
60
1
47
33
86
87
26
33
85
41
16
41
78
37
99
21
11
92
52
30
35
43
11
71
56
23
10
62
65
32
35
55
62
27
76
28
40
80
4
96
3
100
71
79
60
55
77
32
87
67
36
25
86
18
69
92
23
64
93
57
36
97
13
92
37
100
60
76
78
52
73
73
95
9
39
79
80
80
51
35
60
24
43
82
93
7
58
29
81
65
92
99
78
79
63
7
37
53
62
49
52
53
80
15
78
10
20
88
16
31
92
73
99
27
32
70
84
54
11
56
45
44
23
91
8
98
36
85
82
25
9
2
93
16
23
48
39
61
73
42
45
88
77
2
100
76
26
43
99
67
75
41
66
77
83
66
70
91
76
25
10
21
51
84
10
41
41
51
33
45
39
85
7
18
1
77
74
87
50
69
51
24
16
5
93
22
95
54
28
86
40
37
30
54
75
85
14
55
86
56
98
16
72
19
28
86
6
11
29
55
68
33
9
66
90
38
2
2
12
42
68
34
14
91
18
2
52
12
100
27
31
62
35
30
10
60
19
65
35
16
91
81
69
46
85
39
42
33
2
99
77
97
92
76
3
12
60
89
50
73
91
37
58
76
17
38
29
33
100
36
20
16
90
49
37
82
39
54
87
11
76
85
52
13
21
82
75
26
93
89
81
71
37
91
7
33
61
15
27
89
90
12
98
79
61
46
11
71
58
99
90
88
40
22
91
21
59
67
21
42
58
12
5
75
42
10
15
50
37
8
72
44
62
99
13
54
99
90
93
92
30
94
71
8
83
24
95
92
36
54
46
70
2
45
64
41
45
23
77
12
1
53
56
84
3
77
78
46
6
37
72
43
71
5
23
56
35
40
44
10
14
19
54
32
63
36
77
38
77
96
29
69
28
77
41
48
36
100
8
29
89
74
93
74
52
34
48
17
70
99
41
65
60
34
22
84
19
57
95
13
90
82
10
28
41
8
73
87
24
30
98
56
95
83
2
23
74
67
10
38
35
41
7
28
12
28
36
58
73
61
34
52
92
100
72
9
18
97
89
78
42
12
93
56
65
91
84
62
43
75
87
39
53
65
44
71
16
75
70
17
14
31
56
58
53
14
84
17
68
81
81
45
37
43
27
59
53
6
33
6
59
61
60
85
19
74
2
45
21
86
45
5
10
22
41
10
16
83
21
7
71
31
58
45
38
3
28
25
38
29
19
90
72
83
61
66
73
47
7
50
39
81
14
76
5
51
75
36
4
21
39
2
34
48
67
1
56
67
43
72
99
15
60
24
50
53
45
7
82
47
63
31
98
81
46
66
35
81
92
4
40
35
46
93
60
93
45
82
8
88
83
13
31
24
59
74
13
7
74
71
42
27
79
66
13
35
17
72
37
13
45
10
1
48
16
35
3
16
14
37
55
56
21
59
54
24
42
97
91
82
59
79
25
15
53
54
28
42
81
94
77
42
60
65
19
70
62
54
65
28
48
82
7
99
48
59
70
60
68
28
30
40
60
5
42
17
89
6
75
52
73
30
37
70
59
79
1
66
55
75
75
54
17
40
4
18
66
84
29
51
68
61
52
99
100
76
85
80
90
60
38
40
17
48
53
98
66
96
92
32
37
23
40
7
35
77
66
9
92
9
60
46
24
98
15
50
31
3
73
31
1
46
19
33
6
93
1
86
18
6
6
53
82
60
38
47
17
60
18
67
100
63
14
33
14
98
24
24
75
94
37
79
62
49
25
13
97
25
15
73
1
19
22
24
4
5
40
26
43
68
33
67
81
18
21
23
81
2
5
2
32
65
28
53
39
65
89
34
73
30
6
54
52
98
48
1
45
62
15
1
70
27
71
38
10
43
90
24
29
30
43
28
29
86
59
26
21
51
83
99
7
96
14
8
85
23
57
80
19
41
98
71
72
80
12
54
19
25
6
99
5
95
19
28
78
91
31
100
23
45
45
14
55
55
33
60
8
60
71
74
26
3
40
28
46
5
43
51
97
57
43
14
64
32
94
7
37
99
72
98
5
61
57
4
35
81
91
15
68
66
66
83
75
90
12
59
51
49
67
93
25
39
3
38
12
35
61
49
96
34
63
49
31
60
44
77
4
63
5
1
57
8
84
25
55
57
39
28
5
41
93
43
7
83
9
82
69
7
49
72
94
62
87
78
48
18
43
50
49
24
27
88
91
46
53
71
30
57
90
5
40
27
78
99
68
51
68
25
6
24
44
98
65
51
82
28
77
92
24
91
49
16
35
7
26
18
63
81
20
16
44
27
46
51
52
62
55
16
36
50
36
27
30
66
72
67
26
15
27
49
78
31
70
12
87
44
96
63
83
24
53
92
53
97
11
30
42
68
29
12
7
75
61
13
2
84
83
83
26
26
61
81
6
79
49
76
47
93
23
55
75
71
51
22
32
24
33
89
95
28
24
83
58
88
59
74
69
19
5
16
87
90
50
29
75
18
50
81
24
31
35
19
78
78
32
59
41
29
12
52
18
1
28
81
70
38
10
58
15
95
3
57
41
28
68
37
100
31
20
8
53
30
26
92
4
3
2
8
66
81
52
52
82
55
17
62
41
76
79
94
18
34
67
40
70
81
71
31
55
60
41
53
6
90
21
41
85
43
42
99
54
68
22
57
86
83
64
46
42
68
28
33
46
2
1
75
56
60
14
3
92
75
91
83
88
82
22
32
88
91
35
67
30
90
62
3
32
67
16
78
84
41
84
4
54
14
33
19
92
64
60
1
63
61
89
79
47
85
57
74
75
48
32
76
53
15
78
8
44
39
41
84
56
81
28
10
64
50
85
44
1
34
100
39
33
69
15
48
21
9
17
72
23
21
49
53
8
86
54
15
79
68
73
30
71
97
38
70
10
15
63
61
81
94
25
99
84
63
80
4
58
64
86
28
95
47
41
34
89
38
76
24
58
67
57
32
64
100
6
55
1
69
95
18
43
25
35
11
100
94
93
20
88
82
41
30
77
89
60
14
70
78
88
92
36
100
21
19
82
83
19
36
48
3
78
32
14
32
58
83
55
37
64
1
39
34
25
68
40
84
34
7
37
37
91
94
45
9
65
32
21
18
49
76
98
84
34
25
22
72
92
57
60
38
18
20
88
60
13
56
71
24
47
25
81
10
44
62
71
18
40
54
71
71
46
69
52
82
2
47
79
91
74
83
81
14
77
89
28
45
68
73
80
61
40
60
35
21
23
10
86
88
16
75
42
22
36
94
81
82
46
92
63
54
15
67
88
95
2
48
69
77
47
45
28
61
74
16
20
22
4
53
62
94
59
20
31
62
21
62
59
66
55
65
13
86
38
96
23
48
52
45
42
14
58
86
22
1
23
12
72
19
63
12
37
34
29
28
87
35
88
44
91
77
41
46
29
82
76
47
80
41
14
59
74
15
10
66
100
32
10
93
41
14
8
62
87
40
62
77
52
19
43
37
46
2
15
47
89
21
59
30
11
58
16
26
83
48
47
58
10
84
66
98
55
35
24
80
73
65
38
27
88
73
82
68
14
52
73
58
68
44
83
65
10
23
46
57
67
14
29
61
89
60
53
9
79
51
40
24
2
13
33
42
21
27
21
55
45
52
51
23
26
54
60
45
29
44
98
94
52
24
89
21
40
7
37
13
9
69
17
52
45
3
53
3
63
90
67
11
15
71
32
64
72
20
28
97
50
20
16
4
54
48
40
77
33
11
96
25
29
96
72
95
70
72
86
100
55
92
62
1
72
40
67
83
21
27
54
64
29
36
79
2
99
85
20
37
38
6
4
95
54
22
10
6
22
29
58
49
10
99
74
3
46
89
85
38
46
90
69
55
73
51
23
46
95
41
48
90
63
63
38
85
77
29
91
30
67
82
19
53
34
70
86
44
73
91
24
33
72
41
76
85
33
75
15
35
17
26
42
90
19
54
44
7
92
20
4
77
51
12
61
39
62
28
10
39
25
83
69
30
31
18
4
60
94
2
5
42
2
39
11
17
39
88
82
71
51
76
52
94
3
53
67
62
44
27
19
10
25
99
68
5
37
93
47
72
33
100
53
34
18
72
70
67
79
53
18
9
80
57
41
88
75
77
21
89
76
30
40
51
10
33
32
61
23
37
35
4
99
15
100
65
19
82
76
88
35
88
37
10
79
56
74
26
88
42
23
28
6
53
93
15
28
97
59
29
95
86
99
97
100
47
47
11
83
95
92
45
44
26
60
85
94
47
21
23
7
26
22
96
34
83
97
3
51
22
60
14
32
14
74
92
34
96
30
90
84
77
21
86
43
44
76
60
50
27
20
7
22
52
5
98
87
8
62
87
25
100
65
59
45
79
19
22
99
91
100
40
86
86
74
76
57
50
23
18
22
41
48
63
73
35
81
33
47
77
15
42
50
80
65
24
85
74
11
98
7
69
55
80
23
83
31
100
44
84
92
34
41
14
84
68
62
37
40
63
9
62
58
81
17
81
79
94
76
11
19
71
48
55
99
94
74
89
87
18
87
59
70
77
69
37
21
79
54
37
53
39
47
9
12
46
70
25
81
86
32
92
92
25
13
84
100
26
6
29
28
82
24
36
79
73
65
42
60
89
61
59
45
10
65
56
6
14
48
21
42
90
65
6
32
21
42
7
27
39
1
7
83
12
38
38
69
99
39
36
35
46
33
72
66
70
19
28
23
97
11
98
91
68
48
51
87
45
81
67
21
17
93
72
98
49
26
53
95
59
47
82
16
4
94
92
52
52
11
46
46
74
74
92
53
5
29
93
7
23
42
71
97
96
76
25
13
80
55
10
6
33
26
100
68
100
8
86
64
58
73
94
38
36
60
68
17
56
59
33
55
2
8
16
41
5
45
71
42
95
70
37
23
86
61
96
36
86
23
60
28
19
49
53
8
51
99
65
16
54
81
28
85
97
58
19
53
64
90
39
89
63
19
91
85
22
24
59
12
63
73
21
39
8
34
95
86
72