83
72
72
79
72
77
84
89
68
61
62
85
76
75
65
77
81
72
78
75
85
63
78
66
66
64
88
70
60
71
81
81
67
83
73
85
89
80
82
68
82
71
63
79
79
71
75
73
82
84
65
66
72
66
73
74
72
70
82
76
85
86
89
65
63
73
65
64
60
70
80
86
82
67
78
61
74
60
65
81
63
75
60
65
83
73
77
83
84
69
89
82
77
60
62
76
68
73
79
63
78
65
78
61
64
81
68
63
74
71
72
76
78
86
82
88
73
78
78
70
62
61
86
86
73
73
75
88
87
63
75
61
81
74
70
87
82
67
78
75
87
87
87
71
78
78
60
69
78
79
67
60
63
71
77
67
86
81
73
75
73
80
87
75
89
84
61
61
84
86
70
80
74
78
80
85
69
64
84
66
70
87
71
65
62
69
60
85
76
63
75
88
86
83
87
72
75
79
73
78
64
77
70
73
75
67
68
62
82
71
89
85
85
78
79
87
87
81
72
78
62
76
83
86
65
76
61
74
74
73
63
68
74
67
80
78
78
60
64
60
