73
26
69
55
42
66
65
26
51
98
79
38
74
37
70
9
40
11
78
77
79
87
61
39
42
94
33
63
62
14
40
45
47
13
8
61
13
16
35
61
67
57
1
28
32
22
53
43
56
7
8
7
38
27
53
70
91
73
62
15
10
92
59
56
83
30
84
31
81
22
92
84
39
68
72
44
55
37
98
26
60
62
84
63
98
13
89
98
26
53
41
74
23
15
76
27
59
87
67
54
11
32
33
69
69
87
89
4
64
32
90
64
92
51
22
26
15
37
1
46
93
66
53
98
67
33
24
25
45
73
17
27
58
63
89
19
69
91
47
79
89
12
73
6
87
67
1
3
37
77
42
97
79
4
53
98
40
84
85
42
92
39
56
72
4
6
25
8
40
37
7
98
93
18
52
49