91
88
12
94
79
58
42
92
52
22
32
83
88
70
58
73
50
45
60
8
95
61
7
7
62
62
44
5
9
10
47
94
50
66
23
62
12
32
48
44
52
75
64
64
7
34
35
12
76
25
6
78
26
23
24
3
6
54
53
2
55
5
93
36
41
18
5
33
52
7
28
71
5
31
60
73
87
8
13
15
33
48
7
42
70
99
74
12
79
70
68
62
82
40
2
100
66
38
76
59
8
56
25
28
5
93
20
14
71
7
37
29
16
24
79
27
67
89
29
31
89
17
86
71
74
27
72
75
55
23
65
69
46
76
88
96
60
33
36
29
81
85
80
98
87
22
53
96
45
25
29
60
93
92
93
72
54
82
46
10
62
72
51
34
53
98
20
35
73
40
95
62
75
92
51
92
62
33
6
68
99
14
96
57
5
96
42
6
59
62
42
100
48
60
68
15
43
69
8
23
34
37
37
68
97
41
22
62
75
74
45
69
56
78
2
25
78
47
11
63
78
53
60
45
36
65
63
65
7
42
16
12
53
87
60
22
63
75
51
73
15
1
94
5
10
36
98
93
19
61
20
74
68
81
38
46
54
45
40
92
75
32
12
22
40
83
73
48
100
54
4
28
35
34
82
39
96
46
79
4
51
23
51
81
52
4
69
70
60
91
3
79
22
39
88
34
10
56
36
5
35
61
74
92
16
26
48
19
76
10
92
90
21
10
66
12
10
20
98
56
4
18
66
30
13
36
41
71
58
10
49
74
99
58
75
58
55
34
76
74
2
79
84
35
5
97
4
41
55
22
49
30
80
29
7
37
79
55
91
83
2
53
6
46
61
61
32
58
14
94
61
51
27
84
24
65
12
71
54
11
7
43
34
83
96
63
20
21
18
94
71
74
71
83
84
30
83
76
2
47
26
56
11
30
23
70
34
9
85
84
90
23
42
67
2
44
26
52
56
19
72
88
22
28
100
67
11
56
89
69
49
67
53
62
29
2
99
40
50
52
70
48
12
36
8
16
17
65
23
99
68
60
49
32
2
81
5
21
86
89
87
50
25
91
62
3
23
16
47
20
11
19
97
16
84
60
35
20
5
74
87
76
89
59
55
27
30
58
31
72
45
76
12
95
62
64
20
59
1
96