0.00033546262790251185
0.0003491356602403873
0.0003633296532973107
0.00037806289019742654
0.0003933542313630609
0.0004092231302281785
0.0004256896492857509
0.0004427744764727037
0.00046049894189605014
0.00047888503490368955
0.0004979554215032739
0.0005177334621323925
0.0005382432297832624
0.0005595095284849143
0.0005815579121458022
0.0006044147037595549
0.0006281070149764975
0.0006526627660433541
0.0006781107061134388
0.0007044804339294016
0.0007318024188804728
0.0007601080224359072
0.0007894295199561677
0.0008198001228831409
0.0008512540013104993
0.00088382630693505
0.0009175531963897111
0.0009524718549584869
0.0009886205206735478
0.0010260385087942883
0.0010647662366679196
0.0011048452489708825
0.0011463182433300554
0.0011892290963224684
0.0012336228898518265
0.0012795459378999237
0.001327045813650574
0.0013761713769834536
0.0014269728023347614
0.0014795016069213452
0.001533810679324463
0.0015899543084290236
0.001647988212713679
0.0017079695698867948
0.0017699570468628133
0.0018340108300731598
0.0019001926561053163
0.0019685658426633126
0.002039195319842281
0.002112147661709402
0.002187491118182885
0.0022652956472002934
0.0023456329471668582
0.0024285764896739867
0.002514201552477604
0.0026025852527254006
0.0026938065804214925
0.0027879464321164307
0.002885087644809961
0.002985315030053254
0.0030887154082367718
0.0031953776430492745
0.0033053926760930165
0.0034188535616392025
0.0035358555015075786
0.003656495880052896
0.0037808742992408344
0.003909092613794792
0.004041254966394719
0.004177467822908135
0.0043178400076330815
0.00446248273853173
0.004611509662433039
0.004765036890181804
0.004923183031710876
0.005086069231012701
0.005253819200985383
0.005426559258127927
0.005604418357058434
0.005787528124828465
0.0059760228950059375
0.006170039741498055
0.006369718512085289
0.006575201861636534
0.006786635284974866
0.007004167149362422
0.0072279487265724356
0.007458134224515673
0.007694880818387471
0.007938348681301386
0.008188701014374074
0.008446104076226112
0.008710727211861743
0.008982742880890926
0.009262326685055377
0.009549657395020316
0.009844916976392443
0.010148290614924472
0.010459966740865344
0.010780137052415076
0.011108996538242306
0.011446743499022083
0.011793579567950659
0.012149709730193706
0.01251534234122367
0.01289068914400147
0.013275965284957045
0.013671389328722973
0.014077183271574843
0.0144935725535315
0.014920786069067842
0.015359056176392398
0.015808618705241848
0.016269712963143865
0.016742581740099346
0.017227471311635125
0.017724631440177767
0.018234315374698735
0.018756779848581026
0.01929228507565748
0.019841094744370298
0.020403476010001746
0.0209796994849257
0.021570039226829388
0.022174772724855216
0.022794180883612344
0.023428548005007887
0.024078161767847283
0.024743313205154313
0.02542429667916104
0.026121409853918223
0.02683495366547702
0.027565232289593376
0.02831255310690697
0.029077226665546733
0.029859566641115533
0.030659889794007557
0.03147851592401213
0.03231576782215888
0.03317197121975906
0.03404745473459938
0.03494254981424567
0.03585759067641384
0.036792914246367034
0.03774886009129898
0.038725770351664364
0.03972398966941862
0.04074386511313008
0.04178574609992927
0.042849984314261125
0.04393693362340742
0.045046949989748675
0.04618039137973475
0.047337617669536855
0.048518990547354
0.04972487341234958
0.05095563127019423
0.05221163062519407
0.05349323936898553
0.05480082666577867
0.056134762834133725
0.057495419225257784
0.05888316809781038
0.06029838248920929
0.0617414360834291
0.06321270307528891
0.06471255803122686
0.0662413757465623
0.06779953109924777
0.06938739890011708
0.07100535373963701
0.07265376983117411
0.0743330208507896
0.07604347977357852
0.07778551870657234
0.07955950871822769
0.08136581966452526
0.08320482001170693
0.08507687665568205
0.0869823547381372
0.0889216174593863
0.09089502588800061
0.09290293876726284
0.0949457123184917
0.09702370004128698
0.09913725251074738
0.10128671717171853
0.1034724381301305
0.10569475594148853
0.10795400739658245
0.11025052530448531
0.11258463827291493
0.11495667048603503
0.11736694147977546
0.11981576591475605
0.12230345334690061
0.12483030799583289
0.127396628511147
0.1300027077366511
0.13264883247268436
0.1353352832366127
0.13806233402161097
0.14083025205384142
0.14363929754814567
0.1464897234623658
0.149381775250418
0.15231569061424194
0.15529169925475428
0.15831002262193877
0.16137087366420474
0.1644744565771549
0.1676209665518997
0.1708105895230649
0.17404350191663673
0.1773198703977964
0.18063985161889395
0.1840035919677199
0.1874112273162288
0.19086288276988025
0.19435867241775442
0.19789869908361474
0.20148305407807937
0.205111816952077
0.2087850552517555
0.21250282427502212
0.2162651668298873
0.22007211299479595
0.2239236798811214
0.22781987139800913
0.23176067801974853
0.23574607655586363
0.2397760299241035
0.24385048692652458
0.24796938202885063
0.2521326351433001
0.25634015141507366
0.26059182101268913
0.2648875189223592
0.2692271047465995
0.27361042250726403
0.2780373004531941
0.2825075508726797
0.2870209699109173
0.2915773373926635
0.2961764166502667
0.30081795435727565
0.3055016803678051
0.31022730756185524
0.31499453169676334
0.3198030312649803
0.32465246735834974
0.3295424835390772
0.33447270571756405
0.33944274203728897
0.3444521827669091
0.3495006001997566
0.35458754856089897
0.35971256392193374
0.3648751641236792
0.3700748487069246
0.37531109885139957
0.38058337732311304
0.38589112843021905
0.3912337779875495
0.39661073328996505
0.40202138309465485
0.4074650976125277
0.4129412285088176
0.4184491089130355
0.4239880534383814
0.42955735821073926
0.43515630090735685
0.44078414080532463
0.4464401188399433
0.45212345767308304
0.45783336177161427
0.46356901749599866
0.46932959319910966
0.47511423933535923
0.4809220885801864
0.48675225595997185
0.4926038389924208
0.4984759178374659
0.5043675554587189
0.5102777977955036
0.5162056739454964
0.5221501963579798
0.5281103610377285
0.534085147759517
0.5400735202932528
0.5460744266397094
0.5520867992768469
0.5581095554166826
0.5641415972726802
0.570181812337605
0.5762290736718001
0.5822822402018133
0.5883401570293149
0.5944016557502186
0.6004655547839324
0.6065306597126334
0.6125957636304772
0.6186596475026225
0.6247210805339622
0.6307788205474283
0.6368316143717433
0.642878198238472
0.6489172981882299
0.6549476304858832
0.6609679020445864
0.6669768108584745
0.6729730464438338
0.678955290288568
0.684922216309753
0.6908724913190898
0.6968047754960347
0.7027177228683977
0.7086099818001768
0.7144801954864035
0.7203270024547548
0.726149037073691
0.7319449300668628
0.7377133090335347
0.7434527989747526
0.7491620228249929
0.7548396019890073
0.7604841568835897
0.7660943074839663
0.7716686738745263
0.7772058768035824
0.7827045382418684
0.7881632819444527
0.7935807340157669
0.798955523477418
0.8042862828384739
0.809571648667887
0.8148102621687293
0.8200007697539087
0.825141823623021
0.8302320823400083
0.835270211411272
0.8402548838639022
0.8451847808236713
0.8500585920924473
0.8548750167246695
0.8596327636025423
0.864330552009586
0.8689671122021959
0.8735411859788501
0.8780515272466164
0.8824969025845955
0.8868760918039538
0.8911878885041844
0.8954311006252472
0.8996045509952315
0.9037070778731962
0.9077375354868296
0.9116947945645906
0.9155777428619776
0.9193852856815898
0.9231163463866359
0.9267698669075551
0.9303448082414209
0.9338401509437892
0.9372548956126777
0.9405880633643421
0.9438386963005432
0.9470058579669858
0.950088633802627
0.9530861315795482
0.9559974818331
0.9588218382820232
0.9615583782382694
0.9642063030062366
0.9667648382711531
0.9692332344763441
0.9716107671891228
0.9738967374550571
0.9760904721403704
0.9781913242622374
0.9801986733067554
0.9821119255343637
0.9839305142725084
0.9856539001953453
0.9872815715902905
0.9888130446112331
0.9902478635182347
0.9915856009035505
0.9928258579038134
0.9939682643982344
0.9950124791926823
0.9959581901895135
0.9968051145430329
0.9975529988004797
0.9982016190284373
0.9987507809245809
0.9992003199146837
0.9995501012348142
0.9998000199986667
0.9999500012499791
1.0
0.9999500012499791
0.9998000199986667
0.9995501012348142
0.9992003199146837
0.9987507809245809
0.9982016190284372
0.9975529988004797
0.9968051145430329
0.9959581901895135
0.9950124791926823
0.9939682643982343
0.9928258579038134
0.9915856009035505
0.9902478635182348
0.988813044611233
0.9872815715902905
0.9856539001953453
0.9839305142725084
0.9821119255343636
0.9801986733067553
0.9781913242622374
0.9760904721403704
0.9738967374550571
0.9716107671891226
0.9692332344763441
0.9667648382711531
0.9642063030062364
0.9615583782382693
0.9588218382820232
0.9559974818331
0.9530861315795481
0.9500886338026268
0.9470058579669858
0.9438386963005432
0.9405880633643419
0.9372548956126776
0.9338401509437892
0.9303448082414209
0.9267698669075554
0.9231163463866356
0.9193852856815898
0.9155777428619776
0.9116947945645906
0.9077375354868294
0.903707077873196
0.8996045509952315
0.8954311006252472
0.8911878885041843
0.8868760918039537
0.8824969025845955
0.8780515272466164
0.87354118597885
0.8689671122021957
0.864330552009586
0.8596327636025423
0.8548750167246693
0.850058592092447
0.8451847808236713
0.8402548838639022
0.8352702114112718
0.8302320823400081
0.825141823623021
0.8200007697539087
0.8148102621687295
0.8095716486678867
0.8042862828384739
0.798955523477418
0.7935807340157669
0.7881632819444525
0.782704538241868
0.7772058768035824
0.7716686738745263
0.7660943074839661
0.7604841568835895
0.7548396019890073
0.7491620228249929
0.7434527989747524
0.7377133090335345
0.7319449300668628
0.726149037073691
0.7203270024547546
0.7144801954864033
0.7086099818001768
0.7027177228683977
0.6968047754960345
0.6908724913190896
0.684922216309753
0.678955290288568
0.672973046443834
0.6669768108584742
0.6609679020445864
0.6549476304858832
0.6489172981882299
0.6428781982384718
0.6368316143717431
0.6307788205474283
0.6247210805339622
0.6186596475026223
0.612595763630477
0.6065306597126334
0.6004655547839324
0.5944016557502183
0.5883401570293145
0.5822822402018133
0.5762290736718001
0.5701818123376047
0.5641415972726799
0.5581095554166826
0.5520867992768469
0.5460744266397091
0.5400735202932526
0.534085147759517
0.5281103610377285
0.5221501963579801
0.5162056739454961
0.5102777977955036
0.5043675554587189
0.49847591783746614
0.4926038389924205
0.48675225595997157
0.4809220885801864
0.47511423933535923
0.4693295931991094
0.4635690174959984
0.45783336177161427
0.45212345767308304
0.446440118839943
0.44078414080532435
0.43515630090735685
0.42955735821073926
0.4239880534383812
0.4184491089130352
0.4129412285088176
0.4074650976125277
0.4020213830946546
0.3966107332899648
0.3912337779875495
0.38589112843021905
0.3805833773231133
0.37531109885139935
0.3700748487069246
0.3648751641236792
0.35971256392193396
0.35458754856089875
0.3495006001997564
0.3444521827669091
0.33944274203728897
0.33447270571756377
0.329542483539077
0.32465246735834974
0.3198030312649803
0.3149945316967631
0.310227307561855
0.3055016803678051
0.30081795435727565
0.29617641665026656
0.2915773373926633
0.2870209699109173
0.2825075508726797
0.27803730045319386
0.2736104225072638
0.2692271047465995
0.2648875189223592
0.2605918210126893
0.2563401514150735
0.2521326351433001
0.24796938202885063
0.24385048692652475
0.2397760299241033
0.23574607655586347
0.23176067801974853
0.22781987139800913
0.22392367988112125
0.22007211299479576
0.2162651668298873
0.21250282427502212
0.20878505525175536
0.2051118169520768
0.20148305407807937
0.19789869908361474
0.19435867241775423
0.1908628827698801
0.1874112273162288
0.1840035919677199
0.1806398516188938
0.17731987039779626
0.17404350191663673
0.1708105895230649
0.1676209665518998
0.1644744565771548
0.16137087366420474
0.15831002262193877
0.15529169925475442
0.15231569061424183
0.149381775250418
0.1464897234623658
0.14363929754814567
0.14083025205384128
0.13806233402161086
0.1353352832366127
0.13264883247268436
0.13000270773665096
0.127396628511147
0.12483030799583289
0.12230345334690061
0.11981576591475589
0.11736694147977546
0.11495667048603503
0.11258463827291493
0.11025052530448512
0.10795400739658235
0.10569475594148853
0.1034724381301305
0.1012867171717183
0.0991372525107473
0.09702370004128698
0.0949457123184917
0.09290293876726284
0.09089502588800052
0.0889216174593863
0.0869823547381372
0.08507687665568205
0.08320482001170684
0.08136581966452526
0.07955950871822769
0.07778551870657234
0.07604347977357842
0.0743330208507896
0.07265376983117411
0.07100535373963701
0.06938739890011698
0.06779953109924777
0.0662413757465623
0.06471255803122686
0.06321270307528877
0.061741436083429045
0.06029838248920929
0.05888316809781038
0.05749541922525765
0.05613476283413368
0.05480082666577867
0.05349323936898553
0.05221163062519407
0.05095563127019418
0.04972487341234958
0.048518990547354
0.047337617669536855
0.04618039137973471
0.045046949989748675
0.04393693362340742
0.042849984314261125
0.04178574609992924
0.04074386511313008
0.03972398966941862
0.038725770351664364
0.03774886009129893
0.036792914246367034
0.03585759067641384
0.03494254981424567
0.0340474547345993
0.03317197121975901
0.03231576782215888
0.03147851592401213
0.030659889794007474
0.02985956664111551
0.029077226665546733
0.02831255310690697
0.027565232289593376
0.02683495366547698
0.026121409853918223
0.02542429667916104
0.024743313205154313
0.024078161767847252
0.023428548005007887
0.022794180883612344
0.022174772724855216
0.02157003922682936
0.0209796994849257
0.020403476010001746
0.019841094744370298
0.019292285075657455
0.018756779848581026
0.018234315374698735
0.017724631440177767
0.017227471311635094
0.016742581740099318
0.016269712963143865
0.015808618705241848
0.015359056176392358
0.014920786069067828
0.0144935725535315
0.014077183271574843
0.013671389328722973
0.01327596528495702
0.01289068914400147
0.01251534234122367
0.012149709730193706
0.011793579567950638
0.011446743499022083
0.011108996538242306
0.010780137052415076
0.010459966740865325
0.010148290614924472
0.009844916976392443
0.009549657395020316
0.009262326685055361
0.00898274288089092
0.008710727211861743
0.008446104076226112
0.008188701014374068
0.00793834868130137
0.007694880818387471
0.007458134224515673
0.0072279487265724226
0.00700416714936241
0.006786635284974866
0.006575201861636534
0.006369718512085289
0.00617003974149805
0.0059760228950059375
0.005787528124828465
0.005604418357058434
0.0054265592581279175
0.005253819200985383
0.005086069231012701
0.004923183031710876
0.004765036890181796
0.004611509662433039
0.00446248273853173
0.0043178400076330815
0.004177467822908131
0.004041254966394715
0.003909092613794792
0.0037808742992408344
0.0036564958800528896
0.0035358555015075725
0.0034188535616392025
0.0033053926760930165
0.003195377643049269
0.003088715408236766
0.002985315030053254
0.002885087644809961
0.0027879464321164307
0.0026938065804214878
0.0026025852527254006
0.002514201552477604
0.0024285764896739867
0.002345632947166854
0.0022652956472002934
0.002187491118182885
0.002112147661709402
0.002039195319842277
0.001968565842663309
0.0019001926561053163
0.0018340108300731598
0.0017699570468628102
0.0017079695698867933
0.001647988212713679
0.0015899543084290236
0.0015338106793244604
0.001479501606921344
0.0014269728023347614
0.0013761713769834536
0.0013270458136505716
0.0012795459378999216
0.0012336228898518265
0.0011892290963224684
0.0011463182433300576
0.0011048452489708805
0.0010647662366679196
0.0010260385087942883
0.0009886205206735478
0.0009524718549584853
0.0009175531963897111
0.00088382630693505
0.0008512540013104993
0.0008198001228831394
0.0007894295199561669
0.0007601080224359072
0.0007318024188804728
0.0007044804339294004
0.0006781107061134381
0.0006526627660433541
0.0006281070149764975
0.0006044147037595544
0.0005815579121458011
0.0005595095284849143
0.0005382432297832624
0.0005177334621323916
0.000497955421503273
0.00047888503490368955
0.00046049894189605014
0.00044277447647270287
0.00042568964928575015
0.0004092231302281785
0.0003933542313630609
0.0003780628901974272
0.00036332965329731004
0.0003491356602403873
0.00033546262790251185