35.5
35.32020000000001
35.140800000000006
34.96180000000001
34.7832
34.605000000000004
34.42719999999999
34.24979999999999
34.0728
33.8962
33.720000000000006
33.54420000000001
33.3688
33.1938
33.01919999999999
32.84499999999999
32.6712
32.4978
32.3248
32.15220000000001
31.979999999999997
31.8082
31.636799999999987
31.465799999999994
31.295199999999994
31.125
30.955200000000005
30.78580000000001
30.616799999999998
30.4482
30.28
30.112199999999994
29.944799999999994
29.7778
29.611200000000004
29.445000000000007
29.27920000000001
29.113799999999998
28.9488
28.78419999999999
28.619999999999997
28.456199999999995
28.2928
28.129800000000003
27.967200000000005
27.805
27.6432
27.481799999999993
27.32079999999999
27.160199999999996
27.0
26.840200000000003
26.6808
26.521799999999995
26.3632
26.205000000000002
26.0472
25.889799999999994
25.732799999999997
25.576200000000004
25.419999999999998
25.264200000000002
25.1088
24.9538
24.7992
24.645000000000003
24.4912
24.3378
24.1848
24.0322
23.88
23.7282
23.576800000000002
23.4258
23.275199999999998
23.125
22.975200000000005
22.8258
22.676799999999997
22.5282
22.380000000000003
22.2322
22.084799999999994
21.9378
21.791200000000003
21.645
21.499200000000002
21.3538
21.2088
21.0642
20.92
20.7762
20.6328
20.4898
20.3472
20.205
20.063200000000002
19.921800000000005
19.7808
19.640199999999997
19.5
19.360200000000003
19.2208
19.081799999999998
18.9432
18.805000000000003
18.667199999999998
18.529799999999994
18.392799999999998
18.256200000000003
18.119999999999997
17.984199999999994
17.848799999999997
17.713800000000003
17.579199999999997
17.444999999999997
17.3112
17.1778
17.044800000000002
16.912200000000002
16.779999999999998
16.6482
16.516800000000003
16.3858
16.2552
16.125
15.995200000000004
15.8658
15.736799999999995
15.6082
15.480000000000004
15.3522
15.224799999999995
15.0978
14.971200000000003
14.844999999999999
14.719199999999997
14.593799999999998
14.468800000000002
14.344199999999997
14.219999999999995
14.0962
13.9728
13.849800000000002
13.7272
13.604999999999997
13.4832
13.361800000000002
13.2408
13.120199999999997
13.0
12.880200000000002
12.7608
12.641799999999996
12.5232
12.405000000000001
12.287199999999999
12.169799999999995
12.052799999999998
11.936200000000003
11.82
11.704199999999997
11.588799999999999
11.4738
11.359199999999998
11.244999999999997
11.1312
11.017800000000001
10.904800000000003
10.792200000000001
10.679999999999998
10.568200000000001
10.456800000000003
10.3458
10.235199999999997
10.125
10.015200000000002
9.9058
9.796799999999998
9.6882
9.580000000000002
9.472199999999999
9.364799999999997
9.2578
9.151200000000001
9.045
8.939199999999996
8.833799999999998
8.728800000000001
8.624199999999998
8.519999999999996
8.416199999999998
8.312800000000001
8.209800000000003
8.1072
8.004999999999999
7.9032
7.801800000000002
7.700800000000001
7.600199999999997
7.5
7.400199999999998
7.300800000000001
7.201799999999997
7.103199999999999
7.005000000000003
6.9072
6.809800000000001
6.7128
6.616200000000001
6.52
6.424200000000001
6.328799999999999
6.2338000000000005
6.139199999999999
6.045000000000002
5.951199999999998
5.857800000000001
5.764799999999999
5.6722
5.579999999999998
5.488200000000001
5.396799999999999
5.3058
5.215199999999998
5.125
5.035199999999998
4.9458
4.856799999999998
4.7682
4.679999999999998
4.5922
4.504800000000001
4.4178
4.331200000000001
4.244999999999999
4.1592
4.0737999999999985
3.9888000000000012
3.9041999999999994
3.8200000000000003
3.7361999999999984
3.652800000000001
3.569799999999999
3.4871999999999996
3.4049999999999994
3.3232
3.241799999999998
3.1608
3.080199999999998
3.0
2.9201999999999986
2.8407999999999998
2.7617999999999983
2.6831999999999994
2.6049999999999978
2.5271999999999997
2.4498000000000015
2.3728
2.2962000000000007
2.2199999999999998
2.1442000000000005
2.0687999999999995
1.9938000000000011
1.9191999999999991
1.8450000000000006
1.7711999999999986
1.6978000000000009
1.6247999999999987
1.5522
1.4799999999999986
1.4082
1.3367999999999984
1.2658000000000005
1.195199999999999
1.125
1.0551999999999984
0.9858000000000002
0.9167999999999985
0.8481999999999994
0.7799999999999985
0.7121999999999993
0.6448000000000009
0.5777999999999999
0.5112000000000005
0.4449999999999994
0.37920000000000087
0.31379999999999963
0.24880000000000102
0.1841999999999988
0.120000000000001
0.056199999999998695
-0.007199999999999207
-0.0702000000000007
-0.13279999999999959
-0.19500000000000117
-0.25680000000000014
-0.3182000000000009
-0.3792
-0.43980000000000086
-0.5
-0.559800000000001
-0.6192000000000002
-0.6782000000000012
-0.7368000000000006
-0.7950000000000017
-0.8528000000000002
-0.9102000000000015
-0.9672000000000001
-1.0237999999999992
-1.0800000000000005
-1.1357999999999993
-1.1912000000000007
-1.2461999999999995
-1.3008000000000006
-1.3549999999999995
-1.4088000000000007
-1.4621999999999997
-1.515200000000001
-1.5677999999999996
-1.620000000000001
-1.6717999999999997
-1.7232000000000012
-1.7742
-1.824800000000001
-1.875
-1.9248000000000012
-1.9742000000000002
-2.023200000000001
-2.0718
-2.1200000000000014
-2.1678
-2.215200000000001
-2.2622000000000004
-2.3087999999999993
-2.3550000000000004
-2.4007999999999994
-2.4462000000000006
-2.4911999999999996
-2.5358000000000005
-2.5799999999999996
-2.6238000000000006
-2.6672
-2.710200000000001
-2.7527999999999997
-2.795000000000001
-2.8367999999999998
-2.878200000000001
-2.9192
-2.959800000000001
-3.0
-3.039800000000001
-3.0792
-3.1182000000000007
-3.1568
-3.195000000000001
-3.2328
-3.270200000000001
-3.3072000000000004
-3.3437999999999994
-3.3800000000000003
-3.4157999999999995
-3.4512
-3.4861999999999993
-3.5208000000000004
-3.5549999999999997
-3.5888000000000004
-3.6222
-3.6552000000000007
-3.6877999999999997
-3.7200000000000006
-3.7518
-3.783200000000001
-3.8142
-3.8448000000000007
-3.875
-3.9048000000000007
-3.9342
-3.9632000000000005
-3.9918
-4.0200000000000005
-4.0478000000000005
-4.075200000000001
-4.1022
-4.1288
-4.155
-4.1808
-4.2062
-4.231199999999999
-4.255800000000001
-4.279999999999999
-4.303800000000001
-4.3271999999999995
-4.3502
-4.3728
-4.3950000000000005
-4.4168
-4.4382
-4.4592
-4.479800000000001
-4.5
-4.5198
-4.539200000000001
-4.5582
-4.5768
-4.595
-4.612800000000001
-4.6302
-4.6472
-4.6638
-4.68
-4.6958
-4.7112
-4.7261999999999995
-4.740799999999999
-4.755000000000001
-4.768800000000001
-4.7822
-4.7951999999999995
-4.8078
-4.82
-4.8318
-4.8431999999999995
-4.8542000000000005
-4.864800000000001
-4.875
-4.884799999999999
-4.8942000000000005
-4.9032
-4.9118
-4.92
-4.9278
-4.9352
-4.9422
-4.9488
-4.955
-4.9608
-4.9662
-4.9712
-4.9758
-4.98
-4.9838000000000005
-4.9872
-4.9902
-4.9928
-4.995
-4.9968
-4.9982
-4.9992
-4.9998
-5.0
-4.9998
-4.9992
-4.9982
-4.9968
-4.995
-4.9928
-4.9902
-4.9872
-4.9838000000000005
-4.9799999999999995
-4.9758
-4.9712
-4.9662
-4.9608
-4.955
-4.9488
-4.9422
-4.9352
-4.9277999999999995
-4.92
-4.9118
-4.9032
-4.8942
-4.884799999999999
-4.875
-4.864800000000001
-4.8542
-4.8431999999999995
-4.8318
-4.82
-4.807799999999999
-4.7951999999999995
-4.7822
-4.768800000000001
-4.754999999999999
-4.740799999999999
-4.7261999999999995
-4.7112
-4.6958
-4.68
-4.6638
-4.6472
-4.6302
-4.612799999999999
-4.595
-4.5768
-4.5582
-4.539199999999999
-4.5198
-4.5
-4.479800000000001
-4.459199999999999
-4.438199999999999
-4.4168
-4.3950000000000005
-4.372799999999999
-4.350199999999999
-4.3271999999999995
-4.303800000000001
-4.2799999999999985
-4.255799999999999
-4.231199999999999
-4.2062
-4.1808000000000005
-4.154999999999999
-4.1288
-4.1022
-4.075200000000001
-4.047799999999999
-4.02
-3.9918
-3.9632000000000005
-3.934199999999999
-3.9047999999999994
-3.875
-3.8448000000000007
-3.8141999999999987
-3.783199999999999
-3.7518
-3.7200000000000006
-3.6877999999999984
-3.655199999999999
-3.6222
-3.5888000000000004
-3.554999999999998
-3.5207999999999986
-3.4861999999999993
-3.4512
-3.415800000000001
-3.379999999999999
-3.3437999999999994
-3.3072000000000004
-3.270200000000001
-3.2327999999999983
-3.1949999999999994
-3.1568
-3.1182000000000007
-3.0791999999999984
-3.039799999999999
-3.0
-2.959800000000001
-2.9191999999999982
-2.8781999999999988
-2.8367999999999998
-2.795000000000001
-2.752799999999998
-2.7101999999999986
-2.6672
-2.6238000000000006
-2.579999999999998
-2.5357999999999987
-2.4911999999999996
-2.4462000000000006
-2.4008000000000016
-2.354999999999998
-2.3087999999999993
-2.2622000000000004
-2.215200000000001
-2.167799999999998
-2.119999999999999
-2.0718
-2.023200000000001
-1.974199999999998
-1.924799999999999
-1.875
-1.824800000000001
-1.7741999999999978
-1.7231999999999985
-1.6717999999999997
-1.620000000000001
-1.5677999999999974
-1.5151999999999983
-1.4621999999999997
-1.4088000000000007
-1.3549999999999973
-1.3007999999999984
-1.2461999999999995
-1.1912000000000007
-1.135800000000002
-1.0799999999999979
-1.0237999999999992
-0.9672000000000001
-0.9102000000000015
-0.8527999999999976
-0.794999999999999
-0.7368000000000006
-0.6782000000000012
-0.6191999999999975
-0.5597999999999983
-0.5
-0.43980000000000086
-0.3791999999999973
-0.31819999999999826
-0.25680000000000014
-0.19500000000000117
-0.13279999999999692
-0.07019999999999804
-0.007199999999999207
0.056199999999998695
0.12000000000000366
0.18420000000000236
0.24880000000000102
0.31379999999999963
0.37920000000000353
0.44500000000000206
0.5112000000000005
0.5777999999999999
0.6447999999999983
0.7122000000000028
0.7800000000000011
0.8481999999999994
0.9167999999999985
0.9858000000000029
1.055200000000002
1.125
1.195199999999999
1.2658000000000031
1.336800000000002
1.4082
1.4799999999999986
1.5522000000000036
1.6248000000000022
1.6978000000000009
1.7711999999999986
1.8450000000000042
1.9192000000000027
1.9938000000000011
2.0687999999999995
2.144200000000004
2.2200000000000024
2.2962000000000007
2.3728
2.449799999999998
2.527200000000003
2.6050000000000013
2.6831999999999994
2.7617999999999983
2.8408000000000033
2.920200000000002
3.0
3.080199999999998
3.1608000000000036
3.2418000000000013
3.3232
3.4049999999999994
3.487200000000005
3.5698000000000025
3.652800000000001
3.7361999999999984
3.820000000000004
3.904200000000003
3.9888000000000012
4.0737999999999985
4.159200000000006
4.245000000000003
4.331200000000001
4.4178
4.504799999999998
4.592200000000004
4.6800000000000015
4.7682
4.856799999999998
4.945800000000004
5.0352000000000015
5.125
5.215199999999998
5.305800000000005
5.3968000000000025
5.488200000000001
5.579999999999998
5.6722000000000055
5.764800000000003
5.857800000000001
5.951199999999998
6.045000000000005
6.139200000000002
6.2338000000000005
6.328799999999999
6.424200000000006
6.520000000000003
6.616200000000001
6.7128
6.809799999999997
6.907200000000003
7.005000000000003
7.103199999999999
7.201799999999997
7.300800000000004
7.400200000000002
7.5
7.600199999999997
7.7008000000000045
7.801800000000002
7.9032
8.004999999999999
8.107200000000006
8.209800000000003
8.312800000000001
8.416199999999998
8.520000000000005
8.624200000000004
8.728800000000001
8.833799999999998
8.939200000000007
9.045000000000003
9.151200000000001
9.2578
9.364799999999997
9.472200000000004
9.580000000000002
9.6882
9.796799999999998
9.905800000000005
10.015200000000002
10.125
10.235199999999997
10.345800000000006
10.456800000000003
10.568200000000001
10.679999999999998
10.792200000000006
10.904800000000003
11.017800000000001
11.1312
11.245000000000005
11.359200000000005
11.4738
11.588799999999999
11.704200000000007
11.820000000000004
11.936200000000003
12.052799999999998
12.169799999999995
12.287200000000006
12.405000000000001
12.5232
12.641799999999996
12.760800000000007
12.880200000000002
13.0
13.120199999999997
13.240800000000007
13.361800000000002
13.4832
13.604999999999997
13.727200000000007
13.849800000000002
13.9728
14.0962
14.220000000000006
14.344200000000004
14.468800000000002
14.593799999999998
14.719200000000008
14.845000000000006
14.971200000000003
15.0978
15.224799999999995
15.352200000000003
15.480000000000004
15.6082
15.736799999999995
15.865800000000007
15.995200000000004
16.125
16.2552
16.385800000000007
16.516800000000003
16.6482
16.779999999999998
16.912200000000006
17.044800000000002
17.1778
17.3112
17.445000000000007
17.579200000000004
17.713800000000003
17.848799999999997
17.98420000000001
18.120000000000005
18.256200000000003
18.392799999999998
18.52980000000001
18.667200000000005
18.805000000000003
18.9432
19.081799999999998
19.220800000000008
19.360200000000003
19.5