-2.904677207270151
-2.928883221904862
-2.9495939340025967
-2.9667789885311806
-2.980413193548957
-2.990476559586349
-2.9969543308958393
-2.999837008520634
-2.9991203651453424
-2.9948054517050453
-2.986898595742235
-2.9754113915142524
-2.9603606818669395
-2.9417685319033575
-2.919662194489425
-2.8940740676513608
-2.865041643932667
-2.8326074517912185
-2.7968189891296342
-2.7577286490646697
-2.7153936380536465
-2.669875886508165
-2.6212419520371952
-2.5695629154734667
-2.5149142698484277
-2.4573758024923813
-2.3970314704471996
-2.3339692693897556
-2.2682810962744573
-2.2000626059132458
-2.1294130617210687
-2.0564351808641135
-1.9812349740569404
-1.9039215802631149
-1.8246070965621586
-1.7434064034530956
-1.66043698587233
-1.575818750210156
-1.489673837616762
-1.40212643389423
-1.3133025762766648
-1.223329957405262
-1.1323377268097958
-1.0404562902116776
-0.9478171069674267
-0.8545524859740394
-0.7607953803604127
-0.6666791812905983
-0.5723375112062883
-0.47790401683651457
-0.38351216230312185
-0.28929502265010965
-0.19538507812443756
-0.10191400953448793
-0.00901249501063417
0.0831899915098937
0.1745653797544704
0.2649872002268261
0.35433077864688056
0.4424734274107325
0.5292946337676898
0.6146762444165517
0.6985026462291448
0.7806609428152224
0.861041126649728
0.9395362464903378
1.016042569820986
1.0904597400648555
1.1626909283189226
1.2326429793707423
1.3002265517675236
1.3653562517169124
1.4279507606089634
1.4879329559588579
1.5452300255805784
1.599773574812577
1.6514997266275864
1.7003492144701378
1.746267467677015
1.7892046893477538
1.829115926544377
1.865961132711833
1.8997052222230921
1.9303181169654509
1.9577747848973235
1.9820552705176597
2.0031447172030843
2.021033381380861
2.035716638518826
2.0471949809265735
2.055474007375224
2.0605644045562403
2.062481920412772
2.0612473293900258
2.0568863896640783
2.0494297924213707
2.0389131032738264
2.025376695907117
2.0088656780719973
1.989429810040891
1.9671234156639101
1.94200528617035
1.91413857687327
1.8835906969461076
1.8504331924513313
1.8147416228119135
1.7765954309268777
1.7360778071423104
1.693275547299013
1.6482789050874498
1.6011814389497045
1.5520798537768599
1.501073837658485
1.4482658939488227
1.39376116892173
1.337667275293417
1.2800941118986124
1.2211536798119078
1.160959895211683
1.0996283992891567
1.0372763655098225
0.9740223045386873
0.909985867144449
0.8452876454009336
0.7800489725067794
0.7143917215464934
0.6484381035176936
0.582310464950456
0.5161310854452725
0.45002197545619455
0.38410467464531756
0.31850005113379004
0.2533281019730137
0.1887077551576949
0.12475667349990138
0.061591060680241894
-0.0006745302112789453
-0.061927385336228435
-0.12205681566654292
-0.18095433914219705
-0.2385138591343069
-0.2946318389262149
-0.3492074719315059
-0.4021428473748029
-0.453343111168546
-0.5027166217266679
-0.5501751004642927
-0.5956337767411183
-0.6390115270151158
-0.6802310079825177
-0.7192187834897664
-0.7559054450131089
-0.7902257255118895
-0.8221186064722852
-0.8515274179691892
-0.878399931585174
-0.9026884460369855
-0.9243498653717512
-0.9433457696070635
-0.959642477701239
-0.9732111027524133
-0.9840275993376415
-0.9920728029158233
-0.9973324612310368
-0.9997972576657479
-0.9994628265063121
-0.9963297600962067
-0.9904036078654789
-0.98169486723797
-0.9702189664309534
-0.9559962391748628
-0.939051891393792
-0.9194159599003873
-0.8971232631716054
-0.8722133442845562
-0.8447304061042569
-0.8147232388276107
-0.7822451400002218
-0.7473538271347735
-0.7101113430716026
-0.6705839542337959
-0.6288420419405838
-0.584959986953971
-0.5390160474444402
-0.4910922305721789
-0.44127415789057
-0.38965092478862995
-0.3363149541986715
-0.2813618448047456
-0.22489021399627884
-0.1670015358197805
-0.107799974189564
-0.047392211626103076
0.014112726202136772
0.07660364985080426
0.13996738909674122
0.20408897926525738
0.26885185058739325
0.33413802028205336
0.39982828705349077
0.4658024276907011
0.5319393954518408
0.5981175199138398
0.6642147079650903
0.730108645617031
0.7956770003092718
0.8607976233818864
0.925348752388284
0.9892092129222723
1.052258619633544
1.1143775761072305
1.1754478732847524
1.2353526861056596
1.2939767680527738
1.3512066432864343
1.4069307960572741
1.46103985709145
1.5134267866468656
1.5639870539443854
1.6126188126836363
1.6592230723593624
1.7037038651008443
1.7459684077641475
1.7859272590144055
1.8234944711434298
1.858587736376229
1.8911285274289098
1.9210422320894844
1.9482582816027614
1.972710272650269
1.9943360827264822
2.01307797872308
2.0288827185438696
2.041701645584095
2.051490775919268
2.0582108780603074
2.0618275451436197
2.062311259436884
2.059637449053543
2.053786536781481
2.044743980943965
2.0325003082236623
2.017051138393399
1.998397200910263
1.9765443433426846
1.951503531613144
1.9232908420523205
1.8919274452735142
1.8574395818893403
1.8198585301056678
1.779220565240865
1.7355669112312349
1.688943684196465
1.6394018281515064
1.5869970429640008
1.5317897046686542
1.4738447782623458
1.4132317231156484
1.3500243911484116
1.284300917928559
1.216143606864594
1.1456388066734728
1.0728767823161274
0.9979515796035803
0.9209608836865466
0.8420058716514394
0.7611910594549347
0.678624143438562
0.5944158366732625
0.5086797003923899
0.42153197077928817
0.3330913813832831
0.24347898144471625
0.1528179504164766
0.06123340897535978
-0.031147773177503835
-0.12419717242299033
-0.21778500892797553
-0.3117803466339294
-0.40605129521308847
-0.5004652136722603
-0.5948889152813608
-0.6891888735018783
-0.7832314285885758
-0.8768829945367584
-0.9700102660468299
-1.0624804251776312
-1.1541613473607293
-1.2449218064485372
-1.3346316784708865
-1.4231621437764288
-1.5103858872380223
-1.5961772962040437
-1.6804126558813586
-1.7629703418394858
-1.8437310093302743
-1.9225777791222092
-1.9993964195541958
-2.0740755245194427
-2.1465066870967116
-2.2165846685529056
-2.284207562448484
-2.3492769535847886
-2.4116980715407186
-2.4713799385545996
-2.5282355115162494
-2.5821818178434204
-2.6331400850266755
-2.681035863636652
-2.725799143598204
-2.7673644635464894
-2.8056710130911338
-2.8406627278258654
-2.872288376932505
-2.9005016432400343
-2.92526119561139
-2.9465307535428957
-2.964279143873566
-2.97848034951412
-2.9891135501181845
-2.9961631546310112
-2.9996188256639367
-2.999475495655823
-2.9957333747957704
-2.9883979506945018
-2.9774799798049454
-2.9629954706056525
-2.94496565857381
-2.9234169729876354
-2.8983809956109727
-2.8698944113257756
-2.837998950791025
-2.8027413252192312
-2.764173153374303
-2.722350880906829
-2.6773356921550873
-2.6291934145520406
-2.577994415790295
-2.5238134939086017
-2.466729760474615
-2.406826517049718
-2.3441911251322605
-2.2789148697860724
-2.2110928171709734
-2.1408236662018645
-2.0682095945721253
-1.993356099386173
-1.916371832654399
-1.8373684319120571
-1.756460346231185
-1.6737646579021814
-1.5894009000682776
-1.5034908706027945
-1.4161584425247788
-1.3275293712543264
-1.2377310990136552
-1.146892556684729
-1.0551439634380018
-0.9626166244506009
-0.8694427270350212
-0.7757551355020993
-0.6816871850838765
-0.587372475243392
-0.49294466269952686
-0.398537254495181
-0.30428340143721005
-0.21031569223562846
-0.11676594866868856
-0.023765022098479527
0.06855740834024682
0.16007303555831343
0.2506551220206724
0.3401786946325427
0.42852073669436674
0.515560376621822
0.6011790731320765
0.6852607966034325
0.767692206321406
0.8483628233311629
0.9271651986230464
1.0039950763856824
1.078751552068828
1.151337225006702
1.2216583453610421
1.2896249551524663
1.3551510231580175
1.4181545734627177
1.4785578074631454
1.5362872191314332
1.5912737033590583
1.6434526572107087
1.6927640739300462
1.7391526295506354
1.7825677619773062
1.8229637424151397
1.8602997390356557
1.894539872782081
1.9256532652282885
1.9536140784186045
1.9784015466286233
2.0
2.0183988800152886
2.0335927467918733
2.045581278187177
2.0543692607204265
2.0599665723293112
2.0623881569929785
2.0616539912657785
2.0577890427791274
2.050823220781694
2.040791318800832
2.0277329495207956
2.0116924719857026
1.992718911247455
1.9708658705909468
1.9461914364806954
1.9187580763847025
1.8886325296426705
1.8558856915568809
1.820592490894792
1.7828317610029807
1.7426861047421864
1.700241753463161
1.6555884202524436
1.6088191476863953
1.5600301503404825
1.5093206523092948
1.4567927200005908
1.4025510904743064
1.3467029956044199
1.2893579823483834
1.2306277294148544
1.1706258606263014
1.1094677552781793
1.0472703558013081
0.9841519730381696
0.920232089447762
0.8556311605567637
0.7904704149777104
0.7248716533169471
0.658957046296943
0.5928489324187708
0.5266696154911175
0.46054116235255155
0.39458520111320644
0.32892272024130814
0.2636738688184057
0.19895775828544926
0.134892265999199
0.07159384091566012
0.009177311713611691
-0.05224430233245969
-0.11255997742538293
-0.1716608679644297
-0.22944048561627783
-0.2857948744492551
-0.34062278184885686
-0.3938258249392095
-0.44530865224253846
-0.49497910031622006
-0.542748345115267
-0.5885310478364819
-0.6322454950095237
-0.6738137326092637
-0.713161693973589
-0.7502193213207028
-0.7849206806702981
-0.8172040699836643
-0.8470121203485991
-0.8742918900463066
-0.8989949513488565
-0.921077469907533
-0.9405002766042626
-0.9572289317505212
-0.9712337815303729
-0.9824900065968364
-0.9909776627433358
-0.9966817135848125
-0.9995920551958906
-0.9997035326664565
-0.997015948548001
-0.9915340631771363
-0.9832675868757722
-0.9722311640404923
-0.9584443491467439
-0.9419315747064524
-0.9227221112306307
-0.9008500192613977
-0.8763540935506283
-0.8492777994750456
-0.8196692017900978
-0.7875808858372912
-0.7530698713317556
-0.716197518868847
-0.6770294293002279
-0.6356353361414182
-0.5920889911839499
-0.5464680434963174
-0.49885391200844986
-0.44933165188486157
-0.39798981490154217
-0.3449203040514568
-0.2902182226126806
-0.23398171792224487
-0.17631182010717628
-0.11731227603252659
-0.057089378733730434
0.0042482073919359875
0.06658962535332269
0.12982200800472654
0.19383066386275427
0.2584992660012899
0.3237100437203025
0.3893439766795228
0.45528099118420945
0.5214001583066136
0.587579893523744
0.6536981575496768
0.7196326580384705
0.7852610518325149
0.8504611474300452
0.915111107345313
0.9790896500348126
1.0422762510638117
1.1045513431884366
1.165796515030409
1.225894708023524
1.2847304113138849
1.3421898542989728
1.3981611964945255
1.4525347144222172
1.5052029852160693
1.5560610666505619
1.6050066732992523
1.6519403485386779
1.696765632119101
1.7393892230305839
1.7797211374004847
1.817674861166239
1.8531674972757566
1.8861199071764057
1.9164568463626659
1.9441070937620764
1.96900357474882
1.9910834775845683
2.010288363096621
2.026564267414235
2.0398617975950484
2.0501362199849313
2.0573475411661475
2.0614605813605995
2.0624450401669283
2.060275554522544
2.0549317487940533
2.046398276912147
2.0346648564797256
2.019726294794876
2.0015825067432367
1.980238524527291
1.9557044992131924
1.9279956940888037
1.8971324698397498
1.8631402615633257
1.8260495476532494
1.7858958106011669
1.742719489773809
1.6965659262375472
1.6474852997147553
1.595532557769112
1.5407673373292834
1.483253878672818
1.4230609320040208
1.360261656771627
1.294933513883541
1.2271581509874394
1.1570212809969893
1.0846125540544764
1.0100254231309418
0.9333570034753114
0.854707926133679
0.7741821857696584
0.691886983025636
0.6079325616736966
0.5224320408131755
0.4355012423800031
0.3472585142402833
0.25782454914785646
0.16732219985203378
0.07587629064817392
-0.016386574330771952
-0.10933820577821163
-0.20284902652504355
-0.29678827118554535
-0.3910241878215224
-0.4854242413052412
-0.5798553180586764
-0.6741839318445798
-0.7682764302828501
-0.8619992017647634
-0.9552188824367119
-1.0478025629251553
-1.1396179944745568
-1.2305337941712562
-1.3204196489274014
-1.4091465179012237
-1.4965868330320793
-1.582614697371941
-1.6671060808982532
-1.7499390134972521
-1.830993774811045
-1.9101530806469629
-1.987302265652933
-2.0623294619687225
-2.135125773569027
-2.205585446021446
-2.2736060313894826
-2.339088548018555
-2.4019376349509254
-2.462061700724186
-2.519373066316713
-2.573788102012828
-2.625227357970145
-2.6736156882814064
-2.718882368333638
-2.760961205277958
-2.799790641434451
-2.8353138504675868
-2.867478826179326
-2.8962384637786487
-2.9215506334983257
-2.9433782464417915
-2.961689312555445
-2.9764569906341567
-2.9876596302804765
-2.9952808057507747
-2.999309341634514
-2.999739330325797
-2.996570141259408
-2.9898064218966516
-2.979458090459427
-2.9655403204240938
-2.9480735167997816
-2.927083284228889
-2.902600386960491
-2.874660700760325
-2.843305156833839
-2.8085796778514664
-2.7705351061779036
-2.729227124419505
-2.68471616841617
-2.637067332816043
-2.586350269383253
-2.532639078200331
-2.476012191938375
-2.416552253378888
-2.3543459863821328
-2.289484060507077
-2.2220609494982235
-2.152174783864216
-2.079927197782684
-2.0054231705746073
-1.9287708630002383
-1.8500814486366917
-1.7694689406053152
-1.687050013924106
-1.6029438237675568
-1.517271819922593
-1.4301575577355439
-1.3417265058503958
-1.252105851043767
-1.1614243004666567
-1.0698118816069275
-0.9773997402903534
-0.8843199370408529
-0.7907052421233214
-0.6966889295942904
-0.6024045706874748
-0.5079858268619759
-0.41356624284162496
-0.3192790399736795
-0.2252569102348208
-0.1316318112110118
-0.038534762376402965
0.053904357005893244
0.14555700804067517
0.23629619009814817
0.3259966361384453
0.41453500515396513
0.5017900714246799
0.5876429102870029
0.6719770801221935
0.75467880027659
0.8356371246322215
0.9147441105536271
0.9918949829439735
1.0669882931514414
1.139926072475246
1.2106139800290976
1.278961444729203
1.344881801183163
1.4082924192660584
1.469114827179953
1.5272748278036814
1.5827026081503994
1.6353328417615687
1.6851047838771787
1.7319623592337718
1.7758542423535102
1.8167339301996719
1.8545598070860447
1.8892952017402322
1.920908436433349
1.949372868101369
1.9746669213961021
1.9967741136168093
2.01568307148636
2.031387539748977
2.043886381579607
2.053183570808128
2.0592881759746677
2.0622143362453644
2.061981229230949
2.058613030763437
2.0521388666991056
2.042592756828675
2.030013550988208
2.014444857476738
1.9959349638989035
1.97453675056299
1.950307596576652
1.9233092787942794
1.893607863781363
1.8612735929723911
1.8263807612096248
1.7890075888607448
1.7492360877235327
1.7071519209357198
1.662844257117627
1.6164056189845253
1.5679317266743484
1.5175213360449038
1.4652760722026372
1.411300258532742
1.3557007415074287
1.298586711555954
1.2400695202862941
1.180262494354023
1.119280746279469
1.0572409825188716
0.9942613090997579
0.9304610351344562
0.8659604745292084
0.8008807462089857
0.7353435731805951
0.669471080758303
0.6033855942777124
0.537209436624174
0.471064725902427
0.4050731735737159
0.3393558833860377
0.27403315142163853
0.20922426758419344
0.14504731884558364
0.08161899456951471
0.019054394225627047
-0.04253316219596959
-0.10303232076435531
-0.1623338768809326
-0.22033095495086918
-0.276919184163397
-0.33199687009781464
-0.3854651618788776
-0.4372282146122788
-0.48719334683871984
-0.5352711927529724
-0.5813758489429035
-0.62542501541212
-0.6673401306592509
-0.707046500596363
-0.7444734210990249
-0.779554293990674
-0.8122267362746437
-0.8424326824379899
-0.8701184796624943
-0.8952349757895451
-0.9177375998973613
-0.9375864353608464
-0.9547462852765259
-0.9691867301472297
-0.9808821777337209
-0.9898119049930257
-0.9959600920359896
-0.9993158480493921
-0.9998732291409225
-0.9976312480782907
-0.992593875906805
-0.9847700354428083
-0.9741735866534499
-0.9608233039463152
-0.9447428454054662
-0.9259607140233875