9894
6312
6314
5140
2354
5829
1498
2198
8734
2704
8845
404
7050
2573
8009
625
2258
4076
4897
1416
198
4159
6822
5204
9389
6136
2800
7818
6640
4107
7626
7497
9025
8972
1971
6770
8567
1917
2057
8359
5036
979
3126
9314
5194
2135
1449
2654
1758
6941
3833
7353
3185
8176
5667
8158
7164
8603
9135
1611
9935
4922
536
6370
1292
8360
4528
7645
5786
7105
3406
1988
2165
1023
9242
5230
9429
2596
6814
7099
269
310
7972
7403
8193
7581
3052
8502
6862
1090
6574
8288
6848
4672
788
3725
1168
6289
9655
2865
9114
1388
3545
8776
256
4331
6864
3828
1288
7828
3619
1618
4185
9879
5648
1444
5318
5959
5615
8832
5906
749
6264
6934
3083
7323
4572
2747
163
1142
5823
2863
8345
1184
9364
4597
6430
1301
7365
1228
7952
4091
3012
1637
8697
9403
3932
8339
7098
3405
1582
6574
1676
1654
2730
1411
8702
8327
5372
2312
5897
7755
5627
8895
4458
2512
2650
4282
3977
1128
763
6419
5594
4749
497
6652
9513
6011
2425
1843
5370
7537
2698
6203
8121
3133
2118
4744
2199
8382
6110
6681
7387
3347
6921
190
4677
1843
4487